popsize,fitness,genMaxFound,crossoever,mutation,selection
50.0,1548.0,199.0,0.6,0.1,25.0
50.0,1548.0,199.0,0.6,0.1,25.0
50.0,1548.0,199.0,0.6,0.1,25.0
50.0,1548.0,199.0,0.6,0.1,25.0
50.0,1548.0,199.0,0.6,0.1,25.0
50.0,1567.0,108.0,0.6,0.1,25.0
50.0,1567.0,199.0,0.6,0.1,25.0
50.0,1567.0,199.0,0.6,0.1,25.0
50.0,1567.0,199.0,0.6,0.1,25.0
50.0,1567.0,199.0,0.6,0.1,25.0
50.0,1567.0,199.0,0.6,0.55,25.0
50.0,1567.0,199.0,0.6,0.55,25.0
50.0,1567.0,199.0,0.6,0.55,25.0
50.0,1567.0,199.0,0.6,0.55,25.0
50.0,1567.0,199.0,0.6,0.55,25.0
50.0,1567.0,199.0,0.6,0.55,25.0
50.0,1567.0,199.0,0.6,0.55,25.0
50.0,1567.0,199.0,0.6,0.55,25.0
50.0,1567.0,199.0,0.6,0.55,25.0
50.0,1567.0,199.0,0.6,0.55,25.0
100.0,1567.0,199.0,0.6,0.1,50.0
100.0,1567.0,199.0,0.6,0.1,50.0
100.0,1567.0,199.0,0.6,0.1,50.0
100.0,1567.0,199.0,0.6,0.1,50.0
100.0,1567.0,199.0,0.6,0.1,50.0
100.0,1567.0,199.0,0.6,0.1,50.0
100.0,1567.0,199.0,0.6,0.1,50.0
100.0,1567.0,199.0,0.6,0.1,50.0
100.0,1567.0,199.0,0.6,0.1,50.0
100.0,1567.0,199.0,0.6,0.1,50.0
100.0,1567.0,199.0,0.6,0.55,50.0
100.0,1567.0,199.0,0.6,0.55,50.0
100.0,1567.0,199.0,0.6,0.55,50.0
100.0,1567.0,199.0,0.6,0.55,50.0
100.0,1567.0,199.0,0.6,0.55,50.0
100.0,1567.0,199.0,0.6,0.55,50.0
100.0,1567.0,199.0,0.6,0.55,50.0
100.0,1567.0,199.0,0.6,0.55,50.0
100.0,1581.0,141.0,0.6,0.55,50.0
100.0,1581.0,199.0,0.6,0.55,50.0
150.0,1581.0,199.0,0.6,0.1,75.0
150.0,1581.0,199.0,0.6,0.1,75.0
150.0,1581.0,199.0,0.6,0.1,75.0
150.0,1581.0,199.0,0.6,0.1,75.0
150.0,1581.0,199.0,0.6,0.1,75.0
150.0,1581.0,199.0,0.6,0.1,75.0
150.0,1581.0,199.0,0.6,0.1,75.0
150.0,1581.0,199.0,0.6,0.1,75.0
150.0,1599.0,177.0,0.6,0.1,75.0
150.0,1599.0,199.0,0.6,0.1,75.0
150.0,1599.0,199.0,0.6,0.55,75.0
150.0,1621.0,7.0,0.6,0.55,75.0
150.0,1621.0,199.0,0.6,0.55,75.0
150.0,1621.0,199.0,0.6,0.55,75.0
150.0,1621.0,199.0,0.6,0.55,75.0
150.0,1621.0,199.0,0.6,0.55,75.0
150.0,1621.0,199.0,0.6,0.55,75.0
150.0,1621.0,199.0,0.6,0.55,75.0
150.0,1621.0,199.0,0.6,0.55,75.0
150.0,1621.0,199.0,0.6,0.55,75.0
